threshold=1.00000
precision=1.00000
recall=0.00000
pr_auc=0.03506
